5
3 8
1 3 8 4 -3 -3 5 1
8 -2 5 5 4 -9 -8 -1
4 9 2 -1 0 4 3 2
3 8
4 0 1 -9 9 6 -5 -5
2 10 -8 6 9 -10 -3 0
9 5 -10 10 -9 -6 2 -8
3 8
-10 -5 8 1 -10 -3 -10 4
4 3 9 -6 -4 2 -3 -9
-4 7 10 3 1 5 9 1
10 10
-100 2 65 81 -95 15 32 51 -98 15
15 100 65 0 -95 23 95 2 -8 -12
32 -5 -98 5 11 15 -33 6 95 15
32 59 48 95 32 18 48 32 95 63
32 32 56 98 78 45 12 65 98 23
18 9 89 65 32 84 26 89 48 15
-15 -26 -32 -32 -59 -98 -98 -48 -47 -1
0 -54 87 32 87 65 98 12 89 4
0 21 98 65 32 65 97 84 100 8
0 21 65 98 78 15 21 32 65 78
10 10
100 100 100 100 100 100 100 100 100 100
100 100 100 100 100 100 100 100 100 100
100 100 100 100 100 100 100 100 100 100
100 100 100 100 100 100 100 100 100 100
100 100 100 100 100 100 100 100 100 100
100 100 100 100 100 100 100 100 100 100
100 100 100 100 100 100 100 100 100 100
100 100 100 100 100 100 100 100 100 100
100 100 100 100 100 100 100 100 100 100
100 100 100 100 100 100 100 100 100 100